2147483647C
0 0
19177 1
45375 1
119596 1
30496 1
103576 1
38261 1
46469 1
132607 1
103937 1
34170 1
5755 1
41952 1
6051 1
103561 1
117188 1
48424 1
103773 1
6383 1
92373 1
61873 1
164260 1
104118 1
15518 1
59232 1
120643 1
34258 1
46600 1
98380 1
39827 1
24150 1
21945 1
147608 1
54259 1
156035 1
59779 1
47092 1
69196 1
104018 1
14206 1
46594 1
130799 1
45786 1
49704 1
104621 1
10505 1
168350 1
38616 1
149092 1
14776 1
105065 1
169657 1
51087 1
57242 1
19515 1
65991 1
75130 1
132845 1
48804 1
119357 1
12577 1
118476 1
12213 1
105639 1
39939 1
119585 1
8825 1
119501 1
84816 1
42965 1
104613 1
164199 1
17862 1
7544 1
49116 1
105197 1
116170 1
87464 1
166824 1
104873 1
6256 1
48999 1
9441 1
43417 1
107273 1
148644 1
48250 1
125874 1
7188 1
32741 1
45479 1
87579 1
107476 1
110838 1
93981 1
114553 1
50205 1
59284 1
109485 1
5444 1
107342 1
42964 1
114713 1
109402 1
98154 1
106781 1
38672 1
42917 1
8790 1
59190 1
144082 1
110237 1
71373 1
53766 1
144602 1
115224 1
112500 1
73460 1
6797 1
41849 1
115184 1
44020 1
73591 1
1572 1
1572 1
9621 1
1572 1
1576 1
1576 1
113173 1
33972 1
21124 1
114584 1
14032 1
115198 1
57437 1
59660 1
141907 1
59216 1
6460 1
57991 1
102349 1
43156 1
115234 1
120741 1
3482 1
66286 1
42810 1
5121 1
6390 1
10759 1
100376 1
48212 1
38817 1
42331 1
100687 1
164863 1
8813 1
144511 1
126866 1
38719 1
12396 1
48867 1
99799 1
48393 1
18612 1
48842 1
6531 1
100317 1
52124 1
100761 1
22921 1
100221 1
51657 1
55705 1
101845 1
18224 1
9686 1
18428 1
85953 1
23991 1
42355 1
52079 1
47024 1
62565 1
36813 1
23039 1
59684 1
17510 1
63221 1
37399 1
49519 1
20444 1
14351 1
63319 1
70735 1
9490 1
18490 1
49280 1
18452 1
45949 1
100838 1
63097 1
13257 1
62060 1
63187 1
21189 1
29547 1
53145 1
101683 1
144097 1
59325 1
70034 1
112260 1
107970 1
63028 1
12505 1
79712 1
18647 1
22044 1
63612 1
89538 1
63302 1
53644 1
8856 1
37435 1
118170 1
21453 1
62770 1
5806 1
63659 1
53153 1
53970 1
20731 1
6130 1
36965 1
100945 1
11433 1
14572 1
23254 1
17856 1
63606 1
42760 1
9890 1
164006 1
17424 1
18217 1
109454 1
66907 1
63726 1
8564 1
66498 1
129464 1
9542 1
137701 1
97639 1
63278 1
109548 1
52105 1
37624 1
21848 1
63287 1
9929 1
30996 1
100544 1
106381 1
103216 1
50303 1
61949 1
20117 1
37401 1
63705 1
20875 1
46934 1
165271 1
47355 1
9688 1
9512 1
61158 1
63779 1
43408 1
109667 1
14304 1
43875 1
131796 1
132112 1
55238 1
61429 1
63687 1
110026 1
25191 1
73069 1
81792 1
55163 1
31167 1
12470 1
10263 1
110066 1
117999 1
63445 1
14170 1
37783 1
21656 1
54464 1
63534 1
66377 1
9401 1
14244 1
65370 1
47321 1
33841 1
60455 1
79968 1
17056 1
77389 1
9857 1
51571 1
17115 1
22058 1
37187 1
88336 1
43286 1
18433 1
149606 1
23299 1
48536 1
10654 1
59365 1
65028 1
52204 1
16085 1
36857 1
85260 1
62117 1
21620 1
55998 1
30490 1
34173 1
136130 1
42597 1
33694 1
85306 1
57870 1
46502 1
48896 1
47339 1
85565 1
13975 1
85407 1
46867 1
69430 1
33007 1
54405 1
11139 1
65215 1
43507 1
85038 1
34678 1
62887 1
51104 1
58958 1
43228 1
46878 1
84982 1
44316 1
55840 1
28010 1
85494 1
13903 1
52129 1
27303 1
91887 1
84557 1
11259 1
28969 1
89648 1
64826 1
132632 1
54571 1
22604 1
85207 1
106293 1
22707 1
49415 1
119501 1
112855 1
42000 1
84848 1
51030 1
85455 1
14285 1
35374 1
107051 1
44615 1
42720 1
13917 1
26241 1
64392 1
62589 1
36546 1
85115 1
82815 1
